4C00:  00 00 22 01 22 03 24 05 20 07 2E 09 00 14 00 00
4C10:  00 00 7A 51 79 5C BF 14 EB 2C DF 2C 07 08 00 00
4C20:  00 00 88 01 88 03 90 05 80 07 B8 09 00 14 00 00
4C30:  00 00 7A 51 78 5C BE 14 EB 2B E0 2C 07 08 00 00
4C40:  00 00 00 00 00 00 00 00 00 00 00 00 00 00 00 00
4C50:  00 00 00 00 00 00 00 00 00 00 00 00 00 00 00 00
4C60:  00 00 00 00 00 00 00 00 00 00 00 00 00 00 00 00
4C70:  00 00 00 00 00 00 00 00 00 00 00 00 00 00 00 00
4C80:  F2 4C F2 4C EA 16 74 57 22 00 01 DE C6 00 00 00
4C90:  00 04 00 00 03 00 00 00 00 00 00 00 00 00 00 00
4CA0:  00 00 00 00 00 00 00 00 00 00 00 00 00 00 00 00
4CB0:  00 00 00 00 00 00 00 00 00 00 00 00 00 00 00 00
4CC0:  FF FF FF FF FF FF FF FF FF FF FF FF FF FF FF FF
4CD0:  FF FF FF FF FF FF FF FF FF FF FF FF FF FF FF FF
4CE0:  FF FF FF FF FF FF FF FF FF FF FF FF FF FF FF FF
4CF0:  FF FF FF FF FF FF FF FF FF FF FF FF FF FF FF FF
4D00:  B7 74 AC 73 F4 B8 DC E4 DC D8 37 2C 35 2C 3E 35
4D10:  3B 3A 3B 38 01 00 00 01 00 01 FF 00 00 FF 01 00
4D20:  01 00 00 01 00 FF FF 00 01 02 02 03 01 01 02 00
4D30:  00 36 2C 35 2C 3E 35 3B 3A 3B 39 01 03 03 37 2C
4D40:  3B 39 37 2D B2 00 AA AA AA AA AB 55 AB 55 AA 6A
4D50:  55 D5 55 55 55 55 A9 AA 54 55 24 49 24 49 11 11
4D60:  11 11 AA 2A 55 95 49 22 49 22 22 22 22 22 55 AA
4D70:  AA 54 92 48 92 48 22 22 22 22 A5 AA 4A 55 49 24
4D80:  49 24 22 22 22 22 A4 01 54 06 F8 07 A8 0C D4 0D
4D90:  84 12 B0 13 AA F0 00 07 00 00 00 00 00 FF 84 00
4DA0:  01 01 01 01 00 00 00 00 00 00 00 00 00 00 00 00
4DB0:  01 00 00 00 00 01 00 00 00 1E 3C 14 0A D0 02 00
4DC0:  00 01 60 04 02 00 00 04 0D 89 06 00 00 00 15 04
4DD0:  00 00 00 00 00 00 00 00 00 00 00 00 00 00 00 00
4DE0:  00 00 00 00 00 00 00 00 00 00 00 00 00 00 00 00
4DF0:  00 00 00 00 00 00 00 00 00 00 00 00 00 00 00 00
4E00:  01 00 23 00 03 00 00 00 00 00 68 00 01 00 84 00
4E10:  1E 3C 00 00 01 00 FF FF FF FF FF FF FF FF FF FF
4E20:  FF FF FF FF FF FF FF FF FF FF FF FF FF FF FF FF
4E30:  FF FF FF FF 14 14 14 14 68 00 00 00 00 00 00 00
4E40:  00 00 01 00 FF FF FF FF FF FF FF FF FF FF FF FF
4E50:  FF FF FF FF FF FF FF FF FF FF FF FF FF FF FF FF
4E60:  FF FF 14 14 14 14 0F 0F 0F 00 00 01 00 01 00 03
4E70:  00 10 00 68 00 00 00 00 00 00 00 00 00 00 00 00
4E80:  00 00 00 00 00 00 00 00 00 00 00 00 00 00 00 00
4E90:  00 00 00 00 00 00 00 00 00 00 00 00 00 00 00 00
4EA0:  00 00 00 00 00 00 00 00 00 00 00 00 00 00 00 00
4EB0:  00 00 00 00 00 00 00 00 00 00 00 00 00 00 00 00
4EC0:  00 00 00 00 00 00 00 00 00 00 00 00 00 00 00 00
4ED0:  00 00 00 00 00 00 00 00 00 00 00 00 00 00 00 00
4EE0:  00 00 00 00 00 00 00 00 00 00 00 00 00 00 00 00
4EF0:  00 00 00 00 00 00 00 00 00 00 00 00 00 00 00 00
4F00:  00 00 00 00 00 00 00 00 00 00 00 00 00 00 00 00
4F10:  00 00 00 00 00 00 00 00 00 00 00 00 00 00 00 00
4F20:  00 00 00 00 00 00 00 00 00 00 00 00 00 00 00 00
4F30:  00 00 00 00 00 00 00 00 00 00 00 00 00 00 00 00
4F40:  00 00 00 00 00 00 00 00 00 00 00 00 00 00 00 00
4F50:  00 00 00 00 00 00 00 00 00 00 00 00 00 00 00 00
4F60:  00 00 00 00 00 00 00 00 00 00 00 00 00 00 00 00
4F70:  00 00 00 00 00 00 00 00 00 00 00 00 00 00 00 00
4F80:  00 00 00 00 00 00 00 00 00 00 00 00 00 00 00 00
4F90:  00 00 00 00 00 00 00 00 00 00 00 00 00 00 00 00
4FA0:  9C 4D 54 00 55 20 5D 20 0D 1E 65 10 23 00 01 2D
4FB0:  BF 01 3E 4D 01 33 F2 4C 02 00 09 00 BC FF 90 23
4FC0:  00 00 00 00 00 00 00 00 00 00 00 00 00 00 00 00
4FD0:  00 00 00 00 00 00 00 00 00 00 00 00 00 00 00 00
4FE0:  00 00 00 00 00 00 00 00 00 00 00 00 00 00 00 00
4FF0:  00 00 88 01 88 03 90 05 80 07 B8 09 00 14 00 00

